import { Component, Input, ViewChild, ViewContainerRef } from '@angular/core';
@Component({
    moduleId: module.id,
    selector: 'icon-logs',
    template: `
        <ng-template #template>
<svg xmlns="http://www.w3.org/2000/svg" xml:space="preserve" width="2048px" height="2048px" style="shape-rendering:geometricPrecision; text-rendering:geometricPrecision; image-rendering:optimizeQuality; fill-rule:evenodd; clip-rule:evenodd"
viewBox="0 0 2048 2048"
 xmlns:xlink="http://www.w3.org/1999/xlink">
 <defs>
  <style type="text/css">
   <![CDATA[
    .fil2 {fill:none}
    .fil1 {fill:#212121}
    .fil0 {fill:#212121;fill-rule:nonzero}
   ]]>
  </style>
 </defs>
 <g id="Layer_x0020_1">
  <metadata id="CorelCorpID_0Corel-Layer"/>
  <g id="_314405536">
   <path id="_314408200" class="fil0" d="M1024 630.706c156.206,0 304.445,34.9429 437.322,97.4528 138.043,64.9394 259.223,159.51 355.289,275.45l0.0307087 -0.0248032c10.3583,12.5032 9.60355,30.5469 -1.14213,42.1406 -95.8879,115.33 -216.665,209.427 -354.177,274.118 -132.878,62.5099 -281.117,97.4528 -437.322,97.4528 -156.206,0 -304.445,-34.9429 -437.322,-97.4528 -138.043,-64.9394 -259.223,-159.51 -355.289,-275.45l-0.0307087 0.0248032c-10.3583,-12.5032 -9.60355,-30.5469 1.14213,-42.1406 95.8879,-115.33 216.665,-209.427 354.177,-274.118 132.878,-62.5099 281.117,-97.4528 437.322,-97.4528zm410.322 155.204c-124.356,-58.5 -263.424,-91.2024 -410.322,-91.2024 -146.899,0 -285.966,32.7024 -410.322,91.2024 -121.031,56.9363 -228.386,138.429 -315.692,238.09 87.306,99.6615 194.661,181.154 315.692,238.09 124.356,58.5 263.424,91.2024 410.322,91.2024 146.899,0 285.966,-32.7024 410.322,-91.2024 121.031,-56.9363 228.386,-138.429 315.692,-238.09 -87.306,-99.6615 -194.661,-181.154 -315.692,-238.09z"/>
   <path id="_314407144" class="fil0" d="M1024 719.998c83.9434,0 159.944,34.0288 214.958,89.0434 55.0146,55.0146 89.0434,131.015 89.0434,214.958 0,83.9434 -34.0288,159.944 -89.0434,214.958 -55.0146,55.0146 -131.015,89.0434 -214.958,89.0434 -83.9434,0 -159.944,-34.0288 -214.958,-89.0434 -55.0146,-55.0146 -89.0434,-131.015 -89.0434,-214.958 0,-83.9434 34.0288,-159.944 89.0434,-214.958 55.0146,-55.0146 131.015,-89.0434 214.958,-89.0434zm169.708 134.294c-43.4292,-43.4292 -103.43,-70.2922 -169.708,-70.2922 -66.2776,0 -126.279,26.863 -169.708,70.2922 -43.4292,43.4292 -70.2922,103.43 -70.2922,169.708 0,66.2776 26.863,126.279 70.2922,169.708 43.4292,43.4292 103.43,70.2922 169.708,70.2922 66.2776,0 126.279,-26.863 169.708,-70.2922 43.4292,-43.4292 70.2922,-103.43 70.2922,-169.708 0,-66.2776 -26.863,-126.279 -70.2922,-169.708z"/>
   <circle id="_314407576" class="fil1" cx="1024" cy="1024" r="63.9999"/>
   <path id="_314407024" class="fil0" d="M1056 482.865c0,-17.6728 -14.328,-32.0008 -32.0008,-32.0008 -17.6728,0 -32.0008,14.328 -32.0008,32.0008l0 64.0004c0,17.6728 14.328,32.0008 32.0008,32.0008 17.6728,0 32.0008,-14.328 32.0008,-32.0008l0 -64.0004z"/>
   <path id="_314407360" class="fil0" d="M1056 482.865c0,-17.6728 -14.328,-32.0008 -32.0008,-32.0008 -17.6728,0 -32.0008,14.328 -32.0008,32.0008l0 64.0004c0,17.6728 14.328,32.0008 32.0008,32.0008 17.6728,0 32.0008,-14.328 32.0008,-32.0008l0 -64.0004z"/>
   <path id="_314407216" class="fil0" d="M1056 482.865c0,-17.6728 -14.328,-32.0008 -32.0008,-32.0008 -17.6728,0 -32.0008,14.328 -32.0008,32.0008l0 64.0004c0,17.6728 14.328,32.0008 32.0008,32.0008 17.6728,0 32.0008,-14.328 32.0008,-32.0008l0 -64.0004z"/>
   <path id="_314407384" class="fil0" d="M1305.61 513.813c3.45118,-17.3268 -7.79764,-34.174 -25.1244,-37.6252 -17.3268,-3.45118 -34.174,7.79764 -37.6252,25.1244l-12.5114 62.765c-3.45118,17.3268 7.79764,34.174 25.1244,37.6252 17.3268,3.45118 34.174,-7.79764 37.6252,-25.1244l12.5114 -62.765z"/>
   <path id="_314407312" class="fil0" d="M805.14 501.312c-3.45118,-17.3268 -20.2984,-28.5756 -37.6252,-25.1244 -17.3268,3.45118 -28.5756,20.2984 -25.1244,37.6252l12.5114 62.765c3.45118,17.3268 20.2984,28.5756 37.6252,25.1244 17.3268,-3.45118 28.5756,-20.2984 25.1244,-37.6252l-12.5114 -62.765z"/>
   <path id="_314407600" class="fil0" d="M1544.31 592.954c6.76536,-16.2921 -0.957875,-34.9855 -17.25,-41.7508 -16.2921,-6.76536 -34.9855,0.957875 -41.7508,17.25l-24.5398 59.1095c-6.76536,16.2921 0.957875,34.9855 17.25,41.7508 16.2921,6.76536 34.9855,-0.957875 41.7508,-17.25l24.5398 -59.1095z"/>
   <path id="_314407264" class="fil0" d="M562.689 568.453c-6.76536,-16.2921 -25.4587,-24.0154 -41.7508,-17.25 -16.2921,6.76536 -24.0154,25.4587 -17.25,41.7508l24.5398 59.1095c6.76536,16.2921 25.4587,24.0154 41.7508,17.25 16.2921,-6.76536 24.0154,-25.4587 17.25,-41.7508l-24.5398 -59.1095z"/>
   <path id="_314407192" class="fil0" d="M1762.95 717.216c9.80198,-14.6351 5.88426,-34.4481 -8.75079,-44.25 -14.6351,-9.80198 -34.4481,-5.88426 -44.25,8.75079l-35.6221 53.1697c-9.80198,14.6351 -5.88426,34.4481 8.75079,44.25 14.6351,9.80198 34.4481,5.88426 44.25,-8.75079l35.6221 -53.1697z"/>
   <path id="_314406832" class="fil0" d="M338.048 681.716c-9.80198,-14.6351 -29.615,-18.5528 -44.25,-8.75079 -14.6351,9.80198 -18.5528,29.615 -8.75079,44.25l35.6221 53.1697c9.80198,14.6351 29.615,18.5528 44.25,8.75079 14.6351,-9.80198 18.5528,-29.615 8.75079,-44.25l-35.6221 -53.1697z"/>
   <path id="_314406688" class="fil0" d="M992.002 1565.14c0,17.6728 14.328,32.0008 32.0008,32.0008 17.6728,0 32.0008,-14.328 32.0008,-32.0008l0 -64.0004c0,-17.6728 -14.328,-32.0008 -32.0008,-32.0008 -17.6728,0 -32.0008,14.328 -32.0008,32.0008l0 64.0004z"/>
   <path id="_314406616" class="fil0" d="M991.997 1565.14c0,17.6728 14.328,32.0008 32.0008,32.0008 17.6728,0 32.0008,-14.328 32.0008,-32.0008l0 -64.0004c0,-17.6728 -14.328,-32.0008 -32.0008,-32.0008 -17.6728,0 -32.0008,14.328 -32.0008,32.0008l0 64.0004z"/>
   <path id="_314406376" class="fil0" d="M992.002 1565.14c0,17.6728 14.328,32.0008 32.0008,32.0008 17.6728,0 32.0008,-14.328 32.0008,-32.0008l0 -64.0004c0,-17.6728 -14.328,-32.0008 -32.0008,-32.0008 -17.6728,0 -32.0008,14.328 -32.0008,32.0008l0 64.0004z"/>
   <path id="_314406472" class="fil0" d="M1242.86 1546.69c3.45118,17.3268 20.2984,28.5756 37.6252,25.1244 17.3268,-3.45118 28.5756,-20.2984 25.1244,-37.6252l-12.5114 -62.765c-3.45118,-17.3268 -20.2984,-28.5756 -37.6252,-25.1244 -17.3268,3.45118 -28.5756,20.2984 -25.1244,37.6252l12.5114 62.765z"/>
   <path id="_314406712" class="fil0" d="M742.391 1534.19c-3.45118,17.3268 7.79764,34.174 25.1244,37.6252 17.3268,3.45118 34.174,-7.79764 37.6252,-25.1244l12.5114 -62.765c3.45118,-17.3268 -7.79764,-34.174 -25.1244,-37.6252 -17.3268,-3.45118 -34.174,7.79764 -37.6252,25.1244l-12.5114 62.765z"/>
   <path id="_314406232" class="fil0" d="M1485.31 1479.55c6.76536,16.2921 25.4587,24.0154 41.7508,17.25 16.2921,-6.76536 24.0154,-25.4587 17.25,-41.7508l-24.5398 -59.1095c-6.76536,-16.2921 -25.4587,-24.0154 -41.7508,-17.25 -16.2921,6.76536 -24.0154,25.4587 -17.25,41.7508l24.5398 59.1095z"/>
   <path id="_314406664" class="fil0" d="M503.689 1455.05c-6.76536,16.2921 0.957875,34.9855 17.25,41.7508 16.2921,6.76536 34.9855,-0.957875 41.7508,-17.25l24.5398 -59.1095c6.76536,-16.2921 -0.957875,-34.9855 -17.25,-41.7508 -16.2921,-6.76536 -34.9855,0.957875 -41.7508,17.25l-24.5398 59.1095z"/>
   <path id="_314406856" class="fil0" d="M1709.95 1366.28c9.80198,14.6351 29.615,18.5528 44.25,8.75079 14.6351,-9.80198 18.5528,-29.615 8.75079,-44.25l-35.6221 -53.1697c-9.80198,-14.6351 -29.615,-18.5528 -44.25,-8.75079 -14.6351,9.80198 -18.5528,29.615 -8.75079,44.25l35.6221 53.1697z"/>
   <path id="_314405584" class="fil0" d="M285.047 1330.79c-9.80198,14.6351 -5.88426,34.4481 8.75079,44.25 14.6351,9.80198 34.4481,5.88426 44.25,-8.75079l35.6221 -53.1697c9.80198,-14.6351 5.88426,-34.4481 -8.75079,-44.25 -14.6351,-9.80198 -34.4481,-5.88426 -44.25,8.75079l-35.6221 53.1697z"/>
  </g>
 </g>
 <rect class="fil2" width="2048" height="2048"/>
</svg>
        </ng-template>
    `,
})
export class IconLogsComponent {
    @Input() class: any = '';
    @ViewChild('template', { static: true }) template: any;
    constructor(private viewContainerRef: ViewContainerRef) {}
    ngOnInit() {
        this.viewContainerRef.createEmbeddedView(this.template);
        this.viewContainerRef.element.nativeElement.remove();
    }
}
